# 601 snapshots
# linear spacing in scale-factor
# times assume cosmology from agora:
# Omega_m = 0.272, Omega_l = 0.728, Omega_b = 0.0455, 
# h = 0.702, sigma_8 = 0.807, n_s = 0.961
# i scale-factor redshift time[Gyr] lookback-time[Gyr] time-width[Myr]
  0 0.010000000 99.000000000  0.017804979 13.780941904   0.0000
  1 0.050000001 19.000000000  0.199051088 13.599695795 181.2461
  2 0.062500000 15.000000000  0.278167569 13.520579315  79.1165
  3 0.064078301 14.605906487  0.288768143 13.509978740  10.6006
  4 0.065656602 14.230760574  0.299499806 13.499247077  10.7317
  5 0.067234799 13.873250008  0.310360226 13.488386657  10.8604
  6 0.068813100 13.532116890  0.321349285 13.477397599  10.9891
  7 0.070391402 13.206280708  0.332464767 13.466282117  11.1155
  8 0.071969703 12.894735336  0.343705220 13.455041664  11.2405
  9 0.073547997 12.596563339  0.355069184 13.443677700  11.3640
 10 0.075126298 12.310917854  0.366555404 13.432191479  11.4862
 11 0.076704502 12.037044525  0.378161792 13.420585092  11.6064
 12 0.078282803 11.774197578  0.389888490 13.408858394  11.7267
 13 0.079861097 11.521740913  0.401733490 13.397013393  11.8450
 14 0.081439398 11.279068947  0.413695697 13.385051186  11.9622
 15 0.083017699 11.045623779  0.425773880 13.372973003  12.0782
 16 0.084596001 10.820889473  0.437966897 13.360779987  12.1930
 17 0.086174197 10.604401588  0.450272819 13.348474065  12.3059
 18 0.087752499 10.395687103  0.462692190 13.336054694  12.4194
 19 0.089330800 10.194347382  0.475223145 13.323523739  12.5310
 20 0.090909101  9.999999046  0.487864655 13.310882228  12.6415
 21 0.092424199  9.819677353  0.500103006 13.298643877  12.2384
 22 0.093939401  9.645160675  0.512442297 13.286304587  12.3393
 23 0.095454499  9.476195335  0.524879981 13.273866902  12.4377
 24 0.096969701  9.312500000  0.537416943 13.261329941  12.5370
 25 0.098484799  9.153851509  0.550050645 13.248696239  12.6337
 26 0.100000001  9.000000000  0.562782034 13.235964849  12.7314
 27 0.101587303  8.843750000  0.576222228 13.222524655  13.4402
 28 0.103174597  8.692308426  0.589766886 13.208979998  13.5447
 29 0.104761899  8.545454979  0.603415278 13.195331605  13.6484
 30 0.106349200  8.402985573  0.617166505 13.181580379  13.7512
 31 0.107936502  8.264706612  0.631019744 13.167727140  13.8532
 32 0.109523803  8.130434990  0.644974190 13.153772693  13.9544
 33 0.111111097  8.000000954  0.659028989 13.139717894  14.0548
 34 0.112847202  7.861539841  0.674515506 13.124231377  15.4865
 35 0.114583299  7.727275848  0.690120165 13.108626718  15.6047
 36 0.116319403  7.597018242  0.705842128 13.092904755  15.7220
 37 0.118055597  7.470584869  0.721681192 13.077065692  15.8391
 38 0.119791701  7.347824097  0.737634789 13.061112094  15.9536
 39 0.121527798  7.228569984  0.753702746 13.045044138  16.0680
 40 0.123263903  7.112674713  0.769884298 13.028862585  16.1816
 41 0.125000000  7.000000000  0.786178422 13.012568461  16.2941
 42 0.126623407  6.897434235  0.801516036 12.997230847  15.3376
 43 0.128246799  6.797465801  0.816950542 12.981796342  15.4345
 44 0.129870102  6.700001717  0.832480533 12.966266350  15.5300
 45 0.131493494  6.604938984  0.848107044 12.950639839  15.6265
 46 0.133116901  6.512194157  0.863828699 12.934918184  15.7217
 47 0.134740293  6.421684742  0.879644554 12.919102329  15.8159
 48 0.136363596  6.333335400  0.895553226 12.903193657  15.9087
 49 0.137987003  6.247059345  0.911555977 12.887190906  16.0028
 50 0.139610395  6.162790298  0.927651011 12.871095872  16.0950
 51 0.141233802  6.080458164  0.943838004 12.854908880  16.1870
 52 0.142857105  6.000001907  0.960115146 12.838631737  16.2771
 53 0.144444406  5.923078537  0.976118896 12.822627988  16.0037
 54 0.146031693  5.847828388  0.992208547 12.806538336  16.0897
 55 0.147618994  5.774196148  1.008383853 12.790363030  16.1753
 56 0.149206296  5.702129841  1.024644120 12.774102763  16.2603
 57 0.150793701  5.631576538  1.040989887 12.757756996  16.3458
 58 0.152381003  5.562497616  1.057418477 12.741328407  16.4286
 59 0.153968304  5.494843006  1.073930436 12.724816448  16.5120
 60 0.155555606  5.428569317  1.090525246 12.708221638  16.5948
 61 0.157142907  5.363634109  1.107202394 12.691544489  16.6771
 62 0.158730194  5.299998760  1.123961217 12.674785666  16.7588
 63 0.160317495  5.237622261  1.140801527 12.657945357  16.8403
 64 0.161904797  5.176469326  1.157722671 12.641024213  16.9211
 65 0.163492098  5.116503716  1.174724158 12.624022726  17.0015
 66 0.165079400  5.057691097  1.191805502 12.606941382  17.0813
 67 0.166666701  5.000000000  1.208966221 12.589780663  17.1607
 68 0.168254003  4.943395138  1.226205839 12.572541044  17.2396
 69 0.169841304  4.887849331  1.243523884 12.555222999  17.3180
 70 0.171428606  4.833332062  1.260919888 12.537826996  17.3960
 71 0.173015907  4.779815197  1.278393387 12.520353496  17.4735
 72 0.174603194  4.727272034  1.295943758 12.502803126  17.5504
 73 0.176190495  4.675674915  1.313570873 12.485176010  17.6271
 74 0.177777797  4.624999523  1.331274118 12.467472766  17.7032
 75 0.179365098  4.575220585  1.349053044 12.449693839  17.7789
 76 0.180952400  4.526315212  1.366907209 12.431839675  17.8542
 77 0.182539701  4.478260517  1.384836170 12.413910713  17.9290
 78 0.184127003  4.431034088  1.402839492 12.395907391  18.0033
 79 0.185714304  4.384614944  1.420916741 12.377830142  18.0772
 80 0.187301606  4.338982582  1.439067487 12.359679397  18.1507
 81 0.188888907  4.294116974  1.457291302 12.341455582  18.2238
 82 0.190476194  4.250000000  1.475587591 12.323159293  18.2963
 83 0.192063496  4.206611633  1.493956275 12.304790608  18.3687
 84 0.193650797  4.163934231  1.512396767 12.286350117  18.4405
 85 0.195238099  4.121951103  1.530908649 12.267838234  18.5119
 86 0.196825400  4.080645084  1.549491511 12.249255372  18.5829
 87 0.198412701  4.039999962  1.568144942 12.230601941  18.6534
 88 0.200000003  4.000000000  1.586868535 12.211878348  18.7236
 89 0.201562494  3.961240292  1.605367600 12.193379283  18.4991
 90 0.203125000  3.923077106  1.623934053 12.174812830  18.5665
 91 0.204687506  3.885496140  1.642567336 12.156179547  18.6333
 92 0.206249997  3.848484993  1.661266891 12.137479992  18.6996
 93 0.207812503  3.812029839  1.680032699 12.118714185  18.7658
 94 0.209374994  3.776119709  1.698864025 12.099882858  18.8313
 95 0.210937500  3.740740776  1.717760857 12.080986026  18.8968
 96 0.212500006  3.705882072  1.736722644 12.062024239  18.9618
 97 0.214062497  3.671533108  1.755748836 12.042998047  19.0262
 98 0.215625003  3.637681007  1.774839428 12.023907456  19.0906
 99 0.217187494  3.604316711  1.793993690 12.004753193  19.1543
100 0.218750000  3.571428776  1.813211625 11.985535259  19.2179
101 0.220312506  3.539007187  1.832492688 11.966254196  19.2811
102 0.221874997  3.507042408  1.851836334 11.946910550  19.3436
103 0.223437503  3.475524426  1.871242573 11.927504311  19.4062
104 0.224999994  3.444444656  1.890710679 11.908036205  19.4681
105 0.226562500  3.413793087  1.910240666 11.888506217  19.5300
106 0.228125006  3.383561611  1.929831997 11.868914887  19.5913
107 0.229687497  3.353741646  1.949484130 11.849262753  19.6521
108 0.231250003  3.324324131  1.969197089 11.829549794  19.7130
109 0.232812494  3.295301914  1.988970149 11.809776734  19.7731
110 0.234375000  3.266666889  2.008803338 11.789943545  19.8332
111 0.235937506  3.238410473  2.028696122 11.770050762  19.8928
112 0.237499997  3.210526466  2.048647963 11.750098921  19.9518
113 0.239062503  3.183006287  2.068658897 11.730087987  20.0109
114 0.240624994  3.155844212  2.088728200 11.710018683  20.0693
115 0.242187500  3.129032135  2.108855912 11.689890971  20.1277
116 0.243750006  3.102563858  2.129041502 11.669705382  20.1856
117 0.245312497  3.076433182  2.149284435 11.649462448  20.2429
118 0.246875003  3.050632954  2.169584760 11.629162124  20.3003
119 0.248437494  3.025157452  2.189941751 11.608805133  20.3570
120 0.250000000  3.000000000  2.210355460 11.588391424  20.4137
121 0.251602590  2.974521875  2.231351223 11.567395661  20.9958
122 0.253205091  2.949367762  2.252404556 11.546342327  21.0533
123 0.254807711  2.924528122  2.273517843 11.525229040  21.1133
124 0.256410301  2.899999380  2.294688766 11.504058117  21.1709
125 0.258012801  2.875776768  2.315916174 11.482830710  21.2274
126 0.259615391  2.851851702  2.337202076 11.461544807  21.2859
127 0.261217892  2.828221798  2.358543744 11.440203139  21.3417
128 0.262820512  2.804877996  2.379943601 11.418803282  21.3999
129 0.264423102  2.781817913  2.401399309 11.397347575  21.4557
130 0.266025603  2.759036779  2.422909709 11.375837175  21.5104
131 0.267628193  2.736527205  2.444476849 11.354270034  21.5671
132 0.269230813  2.714285135  2.466099583 11.332647301  21.6227
133 0.270833313  2.692307949  2.487775543 11.310971340  21.6760
134 0.272435904  2.670588255  2.509507201 11.289239682  21.7317
135 0.274038494  2.649122477  2.531293000 11.267453884  21.7858
136 0.275640994  2.627907276  2.553131370 11.245615513  21.8384
137 0.277243614  2.606936216  2.575024810 11.223722074  21.8934
138 0.278846204  2.586206198  2.596970940 11.201775943  21.9461
139 0.280448705  2.565714359  2.618968593 11.179778291  21.9977
140 0.282051295  2.545454264  2.641019877 11.157727006  22.0513
141 0.283653796  2.525424242  2.663121988 11.135624895  22.1021
142 0.285256386  2.505618334  2.685277048 11.113469836  22.1551
143 0.286859006  2.486033201  2.707483894 11.091262989  22.2068
144 0.288461506  2.466666937  2.729740116 11.069006768  22.2562
145 0.290064096  2.447513819  2.752048266 11.046698618  22.3082
146 0.291666687  2.428571224  2.774406763 11.024340120  22.3585
147 0.293269187  2.409836531  2.796814015 11.001932869  22.4073
148 0.294871807  2.391304255  2.819272599 10.979474284  22.4586
149 0.296474397  2.372972488  2.841780092 10.956966791  22.5075
150 0.298076898  2.354839087  2.864335313 10.934411571  22.5552
151 0.299679488  2.336898327  2.886940438 10.911806445  22.6051
152 0.301282108  2.319148302  2.909594296 10.889152588  22.6539
153 0.302884609  2.301587343  2.932294437 10.866452446  22.7001
154 0.304487199  2.284210205  2.955043480 10.843703404  22.7490
155 0.306089699  2.267016172  2.977838549 10.820908335  22.7951
156 0.307692289  2.250000238  3.000681852 10.798065031  22.8433
157 0.309294909  2.233160257  3.023572210 10.775174674  22.8904
158 0.310897410  2.216495037  3.046507155 10.752239729  22.9349
159 0.312500000  2.200000048  3.069489337 10.729257546  22.9822
160 0.314102590  2.183673143  3.092517145 10.706229738  23.0278
161 0.315705091  2.167513132  3.115588957 10.683157927  23.0718
162 0.317307711  2.151515007  3.138707444 10.660039440  23.1185
163 0.318910301  2.135678053  3.161870128 10.636876755  23.1627
164 0.320512801  2.120000124  3.185075812 10.613671071  23.2057
165 0.322115391  2.104477644  3.208326753 10.590420130  23.2509
166 0.323717892  2.089109421  3.231620026 10.567126857  23.2933
167 0.325320512  2.073891640  3.254958335 10.543788549  23.3383
168 0.326923102  2.058823347  3.278339182 10.520407701  23.3808
169 0.328525603  2.043902874  3.301761365 10.496985519  23.4222
170 0.330128193  2.029126406  3.325227167 10.473519717  23.4658
171 0.331730813  2.014492273  3.348735392 10.450011492  23.5082
172 0.333333313  2.000000238  3.372283523 10.426463361  23.5481
173 0.334920585  1.985782385  3.395648608 10.403098275  23.3651
174 0.336507887  1.971698523  3.419054360 10.379692524  23.4058
175 0.338095188  1.957746983  3.442500021 10.356246863  23.4457
176 0.339682490  1.943925619  3.465985274 10.332761609  23.4853
177 0.341269791  1.930233002  3.489509804 10.309237080  23.5245
178 0.342857093  1.916666985  3.513073293 10.285673591  23.5635
179 0.344444394  1.903226137  3.536675426 10.262071457  23.6021
180 0.346031696  1.889908791  3.560315889 10.238430995  23.6405
181 0.347618997  1.876712799  3.583994366 10.214752518  23.6785
182 0.349206299  1.863636732  3.607710542 10.191036342  23.7162
183 0.350793689  1.850678444  3.631465443 10.167281441  23.7549
184 0.352380991  1.837837458  3.655256079 10.143490804  23.7906
185 0.353968292  1.825111866  3.679083474 10.119663409  23.8274
186 0.355555594  1.812499762  3.702947316 10.095799567  23.8638
187 0.357142895  1.799999714  3.726847293 10.071899591  23.9000
188 0.358730197  1.787610292  3.750783092 10.047963792  23.9358
189 0.360317498  1.775330067  3.774754402 10.023992481  23.9713
190 0.361904800  1.763157606  3.798760913  9.999985971  24.0065
191 0.363492101  1.751091480  3.822802314  9.975944569  24.0414
192 0.365079403  1.739130259  3.846878295  9.951868588  24.0760
193 0.366666704  1.727272511  3.870988548  9.927758336  24.1103
194 0.368254006  1.715517044  3.895132762  9.903614122  24.1442
195 0.369841307  1.703862429  3.919310629  9.879436254  24.1779
196 0.371428609  1.692307472  3.943521842  9.855225041  24.2112
197 0.373015910  1.680850744  3.967766093  9.830980791  24.2443
198 0.374603212  1.669491291  3.992043074  9.806703809  24.2770
199 0.376190513  1.658227682  4.016352480  9.782394403  24.3094
200 0.377777815  1.647058487  4.040694004  9.758052880  24.3415
201 0.379365087  1.635983229  4.065066882  9.733680002  24.3729
202 0.380952388  1.625000000  4.089471725  9.709275159  24.4048
203 0.382539690  1.614107847  4.113907770  9.684839113  24.4360
204 0.384126991  1.603305817  4.138374714  9.660372169  24.4669
205 0.385714293  1.592592478  4.162872254  9.635874630  24.4975
206 0.387301594  1.581967115  4.187400085  9.611346799  24.5278
207 0.388888896  1.571428537  4.211957905  9.586788978  24.5578
208 0.390476197  1.560975552  4.236545413  9.562201471  24.5875
209 0.392063498  1.550607204  4.261162307  9.537584577  24.6169
210 0.393650800  1.540322542  4.285808285  9.512938599  24.6460
211 0.395238101  1.530120373  4.310483048  9.488263836  24.6748
212 0.396825403  1.519999981  4.335186295  9.463560588  24.7032
213 0.398412704  1.509960175  4.359917728  9.438829156  24.7314
214 0.400000006  1.500000000  4.384677047  9.414069837  24.7593
215 0.401587307  1.490118504  4.409463954  9.389282930  24.7869
216 0.403174609  1.480314970  4.434278151  9.364468732  24.8142
217 0.404761910  1.470588207  4.459119343  9.339627541  24.8412
218 0.406349212  1.460937500  4.483987231  9.314759653  24.8679
219 0.407936513  1.451361895  4.508881520  9.289865364  24.8943
220 0.409523785  1.441860676  4.533801447  9.264945437  24.9199
221 0.411111087  1.432432652  4.558747652  9.239999231  24.9462
222 0.412698388  1.423077106  4.583719374  9.215027509  24.9717
223 0.414285690  1.413793325  4.608716320  9.190030563  24.9969
224 0.415872991  1.404580355  4.633738196  9.165008687  25.0219
225 0.417460293  1.395437479  4.658784711  9.139962173  25.0465
226 0.419047594  1.386363745  4.683855572  9.114891311  25.0709
227 0.420634896  1.377358675  4.708950489  9.089796395  25.0949
228 0.422222197  1.368421078  4.734069171  9.064677713  25.1187
229 0.423809499  1.359550714  4.759211328  9.039535555  25.1422
230 0.425396800  1.350746393  4.784376673  9.014370211  25.1653
231 0.426984102  1.342007637  4.809564915  8.989181969  25.1882
232 0.428571403  1.333333492  4.834775767  8.963971116  25.2109
233 0.430158705  1.324723482  4.860008943  8.938737940  25.2332
234 0.431746006  1.316176653  4.885264156  8.913482727  25.2552
235 0.433333308  1.307692528  4.910541120  8.888205763  25.2770
236 0.434920609  1.299270153  4.935839551  8.862907333  25.2984
237 0.436507910  1.290909290  4.961159163  8.837587720  25.3196
238 0.438095212  1.282608747  4.986499674  8.812247209  25.3405
239 0.439682513  1.274368286  5.011860801  8.786886083  25.3611
240 0.441269785  1.266187429  5.037241784  8.761505099  25.3810
241 0.442857087  1.258064747  5.062643296  8.736103588  25.4015
242 0.444444388  1.250000238  5.088064579  8.710682305  25.4213
243 0.446031690  1.241993189  5.113505353  8.685241530  25.4408
244 0.447618991  1.234042883  5.138965340  8.659781543  25.4600
245 0.449206293  1.226148605  5.164444261  8.634302623  25.4789
246 0.450793713  1.218309641  5.189943753  8.608803130  25.4995
247 0.452381015  1.210525990  5.215459711  8.583287173  25.5160
248 0.453968287  1.202796936  5.240993292  8.557753592  25.5336
249 0.455555588  1.195121765  5.266545180  8.532201704  25.5519
250 0.457142889  1.187499762  5.292114621  8.506632262  25.5694
251 0.458730191  1.179930687  5.317701342  8.481045542  25.5867
252 0.460317492  1.172413588  5.343305069  8.455441814  25.6037
253 0.461904794  1.164948225  5.368925531  8.429821352  25.6205
254 0.463492095  1.157534122  5.394562456  8.404184428  25.6369
255 0.465079397  1.150170565  5.420215573  8.378531310  25.6531
256 0.466666698  1.142857075  5.445884613  8.352862270  25.6690
257 0.468254000  1.135593176  5.471569307  8.327177576  25.6847
258 0.469841301  1.128378153  5.497269388  8.301477496  25.7001
259 0.471428603  1.121212006  5.522984587  8.275762297  25.7152
260 0.473015904  1.114093781  5.548714638  8.250032245  25.7301
261 0.474603206  1.107023239  5.574459277  8.224287607  25.7446
262 0.476190507  1.099999905  5.600218238  8.198528646  25.7590
263 0.477777809  1.093023062  5.625991258  8.172755626  25.7730
264 0.479365110  1.086092472  5.651778073  8.146968810  25.7868
265 0.480952412  1.079207897  5.677578423  8.121168460  25.8003
266 0.482539713  1.072368383  5.703392046  8.095354838  25.8136
267 0.484127015  1.065573692  5.729218681  8.069528202  25.8266
268 0.485714287  1.058823586  5.755057585  8.043689299  25.8389
269 0.487301588  1.052117348  5.780909468  8.017837415  25.8519
270 0.488888890  1.045454502  5.806773590  7.991973294  25.8641
271 0.490476191  1.038835049  5.832649692  7.966097191  25.8761
272 0.492063493  1.032258034  5.858537521  7.940209363  25.8878
273 0.493650794  1.025723457  5.884436820  7.914310064  25.8993
274 0.495238096  1.019230843  5.910347336  7.888399547  25.9105
275 0.496825397  1.012779474  5.936268817  7.862478067  25.9215
276 0.498412699  1.006369352  5.962201010  7.836545874  25.9322
277 0.500000000  1.000000000  5.988143665  7.810603219  25.9427
278 0.501592398  0.993650675  6.014179872  7.784567012  26.0362
279 0.503184676  0.987341881  6.040224155  7.758522729  26.0443
280 0.504777074  0.981072545  6.066280163  7.732466721  26.0560
281 0.506369412  0.974842787  6.092344722  7.706402162  26.0646
282 0.507961810  0.968651891  6.118419533  7.680327350  26.0748
283 0.509554088  0.962500215  6.144501423  7.654245461  26.0819
284 0.511146486  0.956386328  6.170594049  7.628152835  26.0926
285 0.512738883  0.950310469  6.196695213  7.602051671  26.1012
286 0.514331222  0.944272399  6.222803694  7.575943189  26.1085
287 0.515923619  0.938271403  6.248921203  7.549825680  26.1175
288 0.517515898  0.932307839  6.275044565  7.523702318  26.1234
289 0.519108295  0.926380277  6.301177450  7.497569434  26.1329
290 0.520700574  0.920489550  6.327315704  7.471431180  26.1383
291 0.522292972  0.914634228  6.353463002  7.445283881  26.1473
292 0.523885429  0.908814311  6.379618130  7.419128754  26.1551
293 0.525477707  0.903030276  6.405776931  7.392969952  26.1588
294 0.527070105  0.897280812  6.431944068  7.366802816  26.1671
295 0.528662384  0.891566396  6.458115385  7.340631498  26.1713
296 0.530254781  0.885885835  6.484294569  7.314452314  26.1792
297 0.531847119  0.880239606  6.510478447  7.288268436  26.1839
298 0.533439517  0.874626756  6.536668747  7.262078136  26.1903
299 0.535031796  0.869047761  6.562862297  7.235884586  26.1936
300 0.536624193  0.863501549  6.589062790  7.209684094  26.2005
301 0.538216591  0.857988119  6.615268035  7.183478848  26.2052
302 0.539808929  0.852507353  6.641476825  7.157270058  26.2088
303 0.541401327  0.847058654  6.667690895  7.131055989  26.2141
304 0.542993605  0.841642261  6.693907075  7.104839808  26.2162
305 0.544586003  0.836257219  6.720129067  7.078617817  26.2220
306 0.546178281  0.830904007  6.746352721  7.052394163  26.2237
307 0.547770679  0.825581431  6.772581742  7.026165142  26.2290
308 0.549363077  0.820289850  6.798813945  6.999932938  26.2322
309 0.550955415  0.815028906  6.825048129  6.973698754  26.2342
310 0.552547812  0.809798121  6.851286039  6.947460844  26.2379
311 0.554140091  0.804597855  6.877524511  6.921222373  26.2385
312 0.555732489  0.799426913  6.903767256  6.894979628  26.2427
313 0.557324827  0.794285774  6.930011112  6.868735771  26.2439
314 0.558917224  0.789173722  6.956257830  6.842489053  26.2467
315 0.560509622  0.784090638  6.982506215  6.816240669  26.2484
316 0.562101901  0.779036880  7.008754088  6.789992796  26.2479
317 0.563694298  0.774011254  7.035005169  6.763741715  26.2511
318 0.565286577  0.769014239  7.061255318  6.737491566  26.2501
319 0.566878974  0.764045000  7.087508256  6.711238627  26.2529
320 0.568471313  0.759103775  7.113760828  6.684986055  26.2526
321 0.570063710  0.754189849  7.140014793  6.658732091  26.2540
322 0.571656108  0.749303460  7.166268962  6.632477921  26.2542
323 0.573248386  0.744444489  7.192521166  6.606225717  26.2522
324 0.574840784  0.739612103  7.218775133  6.579971751  26.2540
325 0.576433122  0.734806657  7.245027712  6.553719171  26.2526
326 0.578025520  0.730027437  7.271280668  6.527466215  26.2530
327 0.579617798  0.725274801  7.297530853  6.501216030  26.2502
328 0.581210196  0.720547915  7.323782000  6.474964884  26.2511
329 0.582802474  0.715847254  7.350029980  6.448716904  26.2480
330 0.584394872  0.711171746  7.376278527  6.422468356  26.2485
331 0.585987329  0.706521511  7.402526464  6.396220420  26.2479
332 0.587579608  0.701897025  7.428769666  6.369977217  26.2432
333 0.589172006  0.697297215  7.455012854  6.343734030  26.2432
334 0.590764284  0.692722559  7.481251905  6.317494978  26.2391
335 0.592356682  0.688172102  7.507490559  6.291256325  26.2387
336 0.593949020  0.683646202  7.533725679  6.265021205  26.2351
337 0.595541418  0.679144382  7.559959041  6.238787842  26.2334
338 0.597133815  0.674666524  7.586189476  6.212557407  26.2304
339 0.598726094  0.670212865  7.612414835  6.186332048  26.2254
340 0.600318491  0.665782452  7.638638860  6.160108024  26.2240
341 0.601910830  0.661375642  7.664858421  6.133888462  26.2196
342 0.603503227  0.656991959  7.691075300  6.107671583  26.2169
343 0.605095506  0.652631640  7.717286372  6.081460512  26.2111
344 0.606687903  0.648293972  7.743495380  6.055251504  26.2090
345 0.608280301  0.643978953  7.769700183  6.029046701  26.2048
346 0.609872580  0.639686823  7.795898642  6.002848242  26.1985
347 0.611464977  0.635416627  7.822094503  5.976652381  26.1959
348 0.613057315  0.631168842  7.848284649  5.950462235  26.1901
349 0.614649713  0.626942873  7.874470865  5.924276019  26.1862
350 0.616241992  0.622739196  7.900650038  5.898096845  26.1792
351 0.617834389  0.618556738  7.926825917  5.871920967  26.1759
352 0.619426787  0.614395738  7.952996369  5.845750515  26.1705
353 0.621019125  0.610256314  7.979160245  5.819586638  26.1639
354 0.622611523  0.606137991  8.005319336  5.793427547  26.1591
355 0.624203801  0.602040887  8.031470537  5.767276347  26.1512
356 0.625796199  0.597964287  8.057617597  5.741129287  26.1471
357 0.627388477  0.593908787  8.083756435  5.714990448  26.1388
358 0.628980875  0.589873433  8.109890802  5.688856082  26.1344
359 0.630573213  0.585858703  8.136017599  5.662729284  26.1268
360 0.632165611  0.581863999  8.162138621  5.636608262  26.1210
361 0.633758008  0.577889323  8.188252728  5.610494155  26.1141
362 0.635350287  0.573934913  8.214357807  5.584389076  26.1051
363 0.636942685  0.569999933  8.240457608  5.558289275  26.0998
364 0.638535023  0.566084862  8.266549043  5.532197841  26.0914
365 0.640127420  0.562188983  8.292633908  5.506112976  26.0849
366 0.641719699  0.558312774  8.318709120  5.480037764  26.0752
367 0.643312097  0.554455400  8.344778428  5.453968455  26.0693
368 0.644904494  0.550617218  8.370839729  5.427907155  26.0613
369 0.646496773  0.546798110  8.396890919  5.401855965  26.0512
370 0.648089170  0.542997599  8.422935749  5.375811135  26.0448
371 0.649681509  0.539215684  8.448971144  5.349775739  26.0354
372 0.651273906  0.535452247  8.474998906  5.323747977  26.0278
373 0.652866185  0.531707406  8.501015964  5.297730919  26.0171
374 0.654458582  0.527980566  8.527026068  5.271720815  26.0101
375 0.656050980  0.524271846  8.553027125  5.245719758  26.0011
376 0.657643318  0.520581126  8.579018018  5.219728865  25.9909
377 0.659235716  0.516908050  8.605000551  5.193746333  25.9825
378 0.660827994  0.513253093  8.630971663  5.167775220  25.9711
379 0.662420392  0.509615421  8.656935104  5.141811780  25.9634
380 0.664012671  0.505995393  8.682886846  5.115860038  25.9517
381 0.665605128  0.502392292  8.708831608  5.089915276  25.9448
382 0.667197526  0.498806477  8.734765367  5.063981517  25.9338
383 0.668789804  0.495238066  8.760687017  5.038059866  25.9217
384 0.670382202  0.491686344  8.786600306  5.012146578  25.9133
385 0.671974480  0.488151789  8.812501218  4.986245665  25.9009
386 0.673566878  0.484633565  8.838393500  4.960353384  25.8923
387 0.675159216  0.481132150  8.864274110  4.934472773  25.8806
388 0.676751614  0.477647066  8.890144857  4.908602027  25.8707
389 0.678343892  0.474178553  8.916002704  4.882744179  25.8578
390 0.679936290  0.470726013  8.941851397  4.856895487  25.8487
391 0.681528687  0.467289686  8.967688870  4.831058014  25.8375
392 0.683121026  0.463869452  8.993514031  4.805232853  25.8252
393 0.684713423  0.460465074  9.019328686  4.779418197  25.8147
394 0.686305702  0.457076669  9.045129815  4.753617068  25.8011
395 0.687898099  0.453703642  9.070921157  4.727825727  25.7913
396 0.689490378  0.450346589  9.096698727  4.702048157  25.7776
397 0.691082776  0.447004676  9.122466264  4.676280619  25.7675
398 0.692675173  0.443678141  9.148221718  4.650525165  25.7555
399 0.694267511  0.440366983  9.173964006  4.624782878  25.7423
400 0.695859909  0.437070847  9.199694937  4.599051947  25.7309
401 0.697452188  0.433790088  9.225411504  4.573335379  25.7166
402 0.699044585  0.430523872  9.251117444  4.547629440  25.7059
403 0.700636923  0.427272797  9.276809752  4.521937131  25.6923
404 0.702229321  0.424036264  9.302490239  4.496256644  25.6805
405 0.703821719  0.420814395  9.328157830  4.470589054  25.6676
406 0.705413997  0.417607307  9.353810491  4.444936392  25.6527
407 0.707006395  0.414414406  9.379451954  4.419294929  25.6415
408 0.708598673  0.411236048  9.405078269  4.393668614  25.6263
409 0.710191071  0.408071756  9.430693165  4.368053719  25.6149
410 0.711783409  0.404921770  9.456293655  4.342453228  25.6005
411 0.713375807  0.401785731  9.481881550  4.316865333  25.5879
412 0.714968204  0.398663640  9.507455785  4.291291098  25.5742
413 0.716560483  0.395555615  9.533014342  4.265732541  25.5586
414 0.718152881  0.392461181  9.558560944  4.240185940  25.5466
415 0.719745219  0.389380574  9.584092618  4.214654266  25.5317
416 0.721337616  0.386313438  9.609611173  4.189135710  25.5186
417 0.722929895  0.383260012  9.635113644  4.163633240  25.5025
418 0.724522293  0.380219817  9.660603749  4.138143135  25.4901
419 0.726114571  0.377193093  9.686077572  4.112669311  25.4738
420 0.727707028  0.374179363  9.711539782  4.087207101  25.4622
421 0.729299426  0.371178865  9.736986468  4.061760415  25.4467
422 0.730891705  0.368191719  9.762416584  4.036330299  25.4301
423 0.732484102  0.365217328  9.787833842  4.010913042  25.4173
424 0.734076381  0.362256050  9.813234341  3.985512542  25.4005
425 0.735668778  0.359307408  9.838621792  3.960125091  25.3875
426 0.737261117  0.356371522  9.863993251  3.934753633  25.3715
427 0.738853514  0.353448272  9.889350524  3.909396360  25.3573
428 0.740445912  0.350537539  9.914692572  3.884054312  25.3420
429 0.742038190  0.347639561  9.940017408  3.858729475  25.3248
430 0.743630588  0.344753742  9.965328737  3.833418147  25.3113
431 0.745222926  0.341880322  9.990623627  3.808123257  25.2949
432 0.746815324  0.339019179 10.015903884  3.782843000  25.2803
433 0.748407602  0.336170316 10.041166584  3.757580299  25.2627
434 0.750000000  0.333333373 10.066415425  3.732331458  25.2488
435 0.751592398  0.330508351 10.091648431  3.707098453  25.2330
436 0.753184676  0.327695608 10.116863630  3.681883253  25.2152
437 0.754777074  0.324894547 10.142064716  3.656682167  25.2011
438 0.756369412  0.322105289 10.167248776  3.631498108  25.1841
439 0.757961810  0.319327712 10.192417614  3.606329269  25.1688
440 0.759554088  0.316561937 10.217568326  3.581178557  25.1507
441 0.761146486  0.313807607 10.242704598  3.556042286  25.1363
442 0.762738883  0.311064720 10.267824467  3.530922416  25.1199
443 0.764331222  0.308333278 10.292926918  3.505819965  25.1025
444 0.765923619  0.305613160 10.318013753  3.480733130  25.0868
445 0.767515898  0.302904606 10.343082080  3.455664803  25.0683
446 0.769108295  0.300207019 10.368135578  3.430611305  25.0535
447 0.770700574  0.297520757 10.393170422  3.405576462  25.0348
448 0.772292972  0.294845343 10.418190286  3.380556597  25.0199
449 0.773885429  0.292180896 10.443194160  3.355552723  25.0039
450 0.775477707  0.289527774 10.468178231  3.330568653  24.9841
451 0.777070105  0.286885142 10.493147104  3.305599780  24.9689
452 0.778662384  0.284253597 10.518096971  3.280649913  24.9499
453 0.780254781  0.281632662 10.543031499  3.255715384  24.9345
454 0.781847119  0.279022455 10.567947819  3.230799064  24.9163
455 0.783439517  0.276422739 10.592847729  3.205899155  24.8999
456 0.785031796  0.273833752 10.617728366  3.181018517  24.8806
457 0.786624193  0.271255136 10.642593391  3.156153492  24.8650
458 0.788216591  0.268686771 10.667440875  3.131306008  24.8475
459 0.789808929  0.266129017 10.692269825  3.106477058  24.8289
460 0.791401327  0.263581395 10.717082035  3.081664848  24.8122
461 0.792993605  0.261044264 10.741874659  3.056872225  24.7926
462 0.794586003  0.258517027 10.766651345  3.032095539  24.7767
463 0.796178281  0.256000042 10.791408323  3.007338560  24.7570
464 0.797770679  0.253493071 10.816149241  2.982597643  24.7409
465 0.799363077  0.250995994 10.840872183  2.957874701  24.7229
466 0.800955415  0.248508930 10.865576166  2.933170717  24.7040
467 0.802547812  0.246031642 10.890262983  2.908483901  24.6868
468 0.804140091  0.243564367 10.914929803  2.883817080  24.6668
469 0.805732489  0.241106749 10.939580264  2.859166619  24.6505
470 0.807324827  0.238658786 10.964211541  2.834535342  24.6313
471 0.808917224  0.236220479 10.988825423  2.809921461  24.6139
472 0.810509622  0.233791590 11.013420932  2.785325951  24.5955
473 0.812101901  0.231372595 11.037996176  2.760750708  24.5752
474 0.813694298  0.228962779 11.062554781  2.736192102  24.5586
475 0.815286577  0.226562619 11.087093018  2.711653866  24.5382
476 0.816878974  0.224171519 11.111614509  2.687132374  24.5215
477 0.818471313  0.221789956 11.136116449  2.662630434  24.5019
478 0.820063710  0.219417453 11.160600622  2.638146262  24.4842
479 0.821656108  0.217054129 11.185066060  2.613680823  24.4654
480 0.823248386  0.214700222 11.209510886  2.589235997  24.4448
481 0.824840784  0.212355137 11.233938711  2.564808172  24.4278
482 0.826433122  0.210019231 11.258346744  2.540400140  24.4080
483 0.828025520  0.207692266 11.282736765  2.516010119  24.3900
484 0.829617798  0.205374360 11.307105989  2.491640894  24.3692
485 0.831210196  0.203065157 11.331458022  2.467288862  24.3520
486 0.832802474  0.200764894 11.355789171  2.442957713  24.3311
487 0.834394872  0.198473334 11.380103035  2.418643848  24.3139
488 0.835987329  0.196190357 11.404398658  2.394348225  24.2956
489 0.837579608  0.193916321 11.428672362  2.370074522  24.2737
490 0.839172006  0.191650867 11.452928647  2.345818236  24.2563
491 0.840764284  0.189393997 11.477163842  2.321583041  24.2352
492 0.842356682  0.187145591 11.501381534  2.297365349  24.2177
493 0.843949020  0.184905648 11.525578962  2.273167922  24.1974
494 0.845541418  0.182674170 11.549757897  2.248988986  24.1789
495 0.847133815  0.180451035 11.573917395  2.224829488  24.1595
496 0.848726094  0.178236485 11.598055611  2.200691273  24.1382
497 0.850318491  0.176029921 11.622176120  2.176570763  24.1205
498 0.851910830  0.173831820 11.646276177  2.152470707  24.1001
499 0.853503227  0.171641707 11.670357548  2.128389336  24.0814
500 0.855095506  0.169460058 11.694417494  2.104329389  24.0599
501 0.856687903  0.167286277 11.718459583  2.080287300  24.0421
502 0.858280301  0.165120482 11.742481978  2.056264906  24.0224
503 0.859872580  0.162963033 11.766482847  2.032264036  24.0009
504 0.861464977  0.160813332 11.790465752  2.008281132  23.9829
505 0.863057315  0.158671618 11.814427964  1.984318919  23.9622
506 0.864649713  0.156537652 11.838371246  1.960375638  23.9433
507 0.866241992  0.154411793 11.862292877  1.936454006  23.9216
508 0.867834389  0.152293563 11.886196408  1.912550475  23.9035
509 0.869426787  0.150183082 11.910080017  1.888666867  23.8836
510 0.871019125  0.148080468 11.933942779  1.864804104  23.8628
511 0.872611523  0.145985365 11.957786453  1.840960431  23.8437
512 0.874203801  0.143898010 11.981608332  1.817138552  23.8219
513 0.875796199  0.141818166 12.005411954  1.793334929  23.8036
514 0.877388477  0.139745951 12.029193728  1.769553155  23.7818
515 0.878980875  0.137681127 12.052957187  1.745789697  23.7635
516 0.880573213  0.135623932 12.076699634  1.722047250  23.7424
517 0.882165611  0.133574009 12.100422820  1.698324064  23.7232
518 0.883758008  0.131531477 12.124125830  1.674621054  23.7030
519 0.885350287  0.129496455 12.147806866  1.650940017  23.6810
520 0.886942685  0.127468586 12.171469450  1.627277434  23.6626
521 0.888535023  0.125447989 12.195110897  1.603635986  23.6414
522 0.890127420  0.123434663 12.218732955  1.580013928  23.6221
523 0.891719699  0.121428609 12.242332949  1.556413935  23.6000
524 0.893312097  0.119429588 12.265914389  1.532832495  23.5814
525 0.894904494  0.117437720 12.289475484  1.509271399  23.5611
526 0.896496773  0.115453005 12.313014453  1.485732431  23.5390
527 0.898089170  0.113475204 12.336534797  1.462212087  23.5203
528 0.899681509  0.111504436 12.360033853  1.438713030  23.4991
529 0.901273906  0.109540582 12.383513361  1.415233523  23.4795
530 0.902866185  0.107583880 12.406970664  1.391776219  23.4573
531 0.904458582  0.105633855 12.430409256  1.368337628  23.4386
532 0.906050980  0.103690624 12.453827360  1.344919524  23.4181
533 0.907643318  0.101754427 12.477224082  1.321522801  23.3967
534 0.909235716  0.099824786 12.500601156  1.298145727  23.3771
535 0.910827994  0.097902179 12.523955940  1.274790943  23.3548
536 0.912420392  0.095986009 12.547291914  1.251454969  23.3360
537 0.914012671  0.094076753 12.570605567  1.228141316  23.3137
538 0.915605128  0.092173934 12.593901245  1.204845638  23.2957
539 0.917197526  0.090277672 12.617175442  1.181571441  23.2742
540 0.918789804  0.088388205 12.640427275  1.158319608  23.2518
541 0.920382202  0.086505175 12.663660211  1.135086672  23.2329
542 0.921974480  0.084628701 12.686870756  1.111876128  23.2105
543 0.923566878  0.082758665 12.710062371  1.088684512  23.1916
544 0.925159216  0.080895066 12.733232438  1.065514445  23.1701
545 0.926751614  0.079037786 12.756382678  1.042364206  23.1502
546 0.928343892  0.077187061 12.779510479  1.019236405  23.1278
547 0.929936290  0.075342536 12.802619291  0.996127592  23.1088
548 0.931528687  0.073504210 12.825707371  0.973039512  23.0881
549 0.933121026  0.071672320 12.848773844  0.949973040  23.0665
550 0.934713423  0.069846630 12.871820425  0.926926459  23.0466
551 0.936305702  0.068027258 12.894844516  0.903902367  23.0241
552 0.937898099  0.066213965 12.917849555  0.880897328  23.0050
553 0.939490378  0.064406872 12.940832087  0.857914796  22.9825
554 0.941082776  0.062605739 12.963795544  0.834951340  22.9635
555 0.942675173  0.060810804 12.986738194  0.812008689  22.9427
556 0.944267511  0.059021950 13.009659172  0.789087712  22.9210
557 0.945859909  0.057239056 13.032560184  0.766186699  22.9010
558 0.947452188  0.055462241 13.055438653  0.743308230  22.8785
559 0.949044585  0.053691268 13.078297996  0.720448888  22.8593
560 0.950636923  0.051926374 13.101135637  0.697611247  22.8376
561 0.952229321  0.050167203 13.123953279  0.674793605  22.8176
562 0.953821719  0.048413992 13.146750060  0.651996824  22.7968
563 0.955413997  0.046666741 13.169524269  0.629222614  22.7742
564 0.957006395  0.044925094 13.192279311  0.606467572  22.7550
565 0.958598673  0.043189406 13.215011773  0.583735110  22.7325
566 0.960191071  0.041459441 13.237725054  0.561021830  22.7133
567 0.961783409  0.039735079 13.260416596  0.538330287  22.6915
568 0.963375807  0.038016558 13.283088094  0.515658789  22.6715
569 0.964968204  0.036303520 13.305738695  0.493008189  22.6506
570 0.966560483  0.034596443 13.328366700  0.470380184  22.6280
571 0.968152881  0.032894731 13.350975494  0.447771390  22.6088
572 0.969745219  0.031198740 13.373562534  0.425184349  22.5870
573 0.971337616  0.029508114 13.396129508  0.402617375  22.5670
574 0.972929895  0.027823329 13.418673881  0.380073002  22.5444
575 0.974522293  0.026143789 13.441199026  0.357547857  22.5251
576 0.976114571  0.024469852 13.463701569  0.335045315  22.5025
577 0.977707028  0.022801280 13.486185717  0.312561166  22.4841
578 0.979299426  0.021138191 13.508648103  0.290098781  22.4624
579 0.980891705  0.019480586 13.531087886  0.267658998  22.4398
580 0.982484102  0.017828226 13.553508426  0.245238457  22.4205
581 0.984076381  0.016181231 13.575906367  0.222840516  22.3979
582 0.985668778  0.014539599 13.598285062  0.200461822  22.3787
583 0.987261117  0.012903214 13.620641996  0.178104887  22.3569
584 0.988853514  0.011272073 13.642978845  0.155768039  22.3368
585 0.990445912  0.009646297 13.665294771  0.133452113  22.3159
586 0.992038190  0.008025765 13.687588107  0.111158777  22.2933
587 0.993630588  0.006410241 13.709862193  0.088884691  22.2741
588 0.995222926  0.004799962 13.732114528  0.066632355  22.2523
589 0.996815324  0.003194809 13.754346780  0.044400103  22.2323
590 0.998407602  0.001594901 13.776556456  0.022190428  22.2097
591 0.998566926  0.001435161 13.778777603  0.019969281   2.2211
592 0.998726130  0.001275539 13.780996879  0.017750005   2.2193
593 0.998885393  0.001115799 13.783216777  0.015530107   2.2199
594 0.999044597  0.000956297 13.785435635  0.013311249   2.2189
595 0.999203801  0.000796795 13.787654284  0.011092600   2.2186
596 0.999363124  0.000637293 13.789874384  0.008872499   2.2201
597 0.999522328  0.000477910 13.792092615  0.006654268   2.2182
598 0.999681473  0.000318646 13.794309806  0.004437077   2.2172
599 0.999840796  0.000159264 13.796529280  0.002217604   2.2195
600 1.000000000  0.000000000 13.798746883  0.000000000   2.2176
